884
10 221
10 222
10 223
11 219
11 220
11 221
12 216
12 217
12 218
13 214
13 215
14 212
14 213
15 209
15 210
15 211
16 207
16 208
17 205
17 206
18 203
18 204
19 201
19 202
20 198
20 199
20 200
21 196
21 197
21 198
22 194
22 195
22 196
23 192
23 193
23 194
24 190
24 191
24 192
25 189
25 190
26 187
26 188
27 185
27 186
28 183
28 184
29 181
29 182
30 179
30 180
31 178
31 179
32 176
32 177
33 174
33 175
34 172
34 173
35 171
35 172
36 169
36 170
37 168
37 169
38 166
38 167
39 164
39 165
40 163
40 164
41 161
41 162
42 160
42 161
43 158
43 159
44 157
44 158
45 156
46 154
46 155
47 153
48 151
48 152
49 150
49 151
50 149
51 147
51 148
52 146
52 147
53 145
54 143
54 144
55 142
55 143
56 141
56 142
57 140
58 139
59 137
59 138
60 136
60 137
61 135
61 136
62 134
63 133
64 132
65 131
66 130
67 128
67 129
68 127
68 128
69 126
69 127
70 125
70 126
71 124
71 125
72 123
72 124
73 122
73 123
74 122
75 121
76 120
77 119
78 118
79 117
80 116
81 115
81 116
82 114
82 115
83 114
84 113
85 112
86 111
87 110
87 111
88 110
89 109
90 108
91 107
91 108
92 107
93 106
94 105
95 105
96 104
97 103
97 104
98 103
99 102
100 101
100 102
101 101
102 100
103 100
104 99
105 99
106 98
107 98
108 97
109 96
109 97
110 96
111 96
112 95
113 95
114 94
115 94
116 93
117 93
118 92
118 93
119 92
120 92
121 91
122 91
123 91
124 90
125 90
126 90
127 89
128 89
129 89
130 89
131 88
132 88
133 88
134 88
135 87
136 87
137 87
138 87
139 87
140 86
141 86
142 86
143 86
144 86
145 86
146 86
147 85
148 85
149 85
150 85
151 85
152 85
153 85
154 85
155 85
156 85
157 85
158 85
159 85
160 85
161 85
162 85
163 85
164 85
165 85
166 85
167 85
168 86
169 86
170 86
171 86
172 86
173 86
174 86
175 86
175 87
176 87
177 87
178 87
179 87
180 87
181 88
182 88
183 88
184 88
185 89
186 89
187 89
188 89
189 90
190 90
191 90
192 91
193 91
194 91
195 92
196 92
197 92
198 93
199 93
200 93
201 94
202 94
203 95
204 95
205 95
205 96
206 96
207 96
207 97
208 97
209 97
210 98
211 98
211 99
212 99
213 99
213 100
214 100
215 101
216 101
217 102
218 102
218 103
219 103
220 104
221 104
222 105
223 106
224 106
225 107
226 108
227 108
227 109
228 109
229 110
230 111
231 111
231 112
232 112
233 113
234 114
235 115
236 116
237 116
237 117
238 117
238 118
239 118
239 119
240 119
241 120
242 121
243 122
244 123
245 124
246 125
246 126
247 126
247 127
248 127
248 128
249 128
249 129
250 129
250 130
251 131
252 132
253 133
254 134
254 135
255 135
255 136
256 137
257 138
257 139
258 139
258 140
259 140
259 141
260 142
260 143
261 143
261 144
262 145
263 146
263 147
264 148
265 149
265 150
266 150
266 151
267 152
267 153
268 154
268 155
269 155
269 156
270 157
270 158
271 159
272 160
272 161
273 162
273 163
274 164
274 165
275 166
275 167
276 167
276 168
276 169
277 169
277 170
278 171
278 172
279 173
279 174
279 175
280 175
280 176
280 177
281 177
281 178
281 179
282 179
282 180
282 181
283 181
283 182
283 183
284 184
284 185
285 186
285 187
286 188
286 189
286 190
287 191
287 192
288 193
288 194
288 195
289 195
289 196
289 197
290 198
290 199
290 200
291 200
291 201
291 202
292 203
292 204
292 205
293 206
293 207
293 208
294 209
294 210
294 211
295 211
295 212
295 213
295 214
296 215
296 216
296 217
297 218
297 219
297 220
298 221
298 222
298 223
299 224
299 225
299 226
300 227
300 228
300 229
300 230
301 231
301 232
301 233
302 234
302 235
302 236
302 237
303 238
303 239
303 240
303 241
304 242
304 243
304 244
304 245
305 246
305 247
305 248
305 249
306 250
306 251
306 252
306 253
307 254
307 255
307 256
307 257
307 258
308 259
308 260
308 261
308 262
309 263
309 264
309 265
309 266
309 267
310 268
310 269
310 270
310 271
310 272
310 273
311 273
311 274
311 275
311 276
311 277
311 278
312 279
312 280
312 281
312 282
312 283
312 284
313 285
313 286
313 287
313 288
313 289
313 290
313 291
314 292
314 293
314 294
314 295
314 296
314 297
314 298
315 299
315 300
315 301
315 302
315 303
315 304
315 305
315 306
316 307
316 308
316 309
316 310
316 311
316 312
316 313
316 314
316 315
317 316
317 317
317 318
317 319
317 320
317 321
317 322
317 323
317 324
317 325
317 326
317 327
317 328
318 329
318 330
318 331
318 332
318 333
318 334
318 335
318 336
318 337
318 338
319 339
319 340
319 341
319 342
319 343
319 344
319 345
320 346
320 347
320 348
320 349
320 350
321 351
321 352
321 353
321 354
321 355
322 356
322 357
322 358
322 359
322 360
323 360
323 361
323 362
323 363
324 364
324 365
324 366
324 367
325 368
325 369
325 370
326 371
326 372
326 373
326 374
327 374
327 375
327 376
327 377
328 378
328 379
328 380
329 380
329 381
329 382
330 383
330 384
330 385
331 386
331 387
332 388
332 389
332 390
333 391
333 392
334 393
334 394
335 395
335 396
336 397
336 398
337 399
337 400
338 401
338 402
339 403
339 404
340 405
340 406
341 406
341 407
342 408
342 409
343 410
343 411
344 411
344 412
345 413
345 414
346 414
346 415
347 416
347 417
348 417
348 418
349 419
350 420
350 421
351 421
351 422
352 422
352 423
353 424
354 425
355 426
355 427
356 427
356 428
357 428
357 429
358 429
358 430
359 430
359 431
360 431
360 432
361 432
361 433
362 433
362 434
363 434
363 435
364 435
364 436
365 436
366 437
367 438
368 439
369 439
369 440
370 440
371 441
372 442
373 442
373 443
374 443
375 444
376 444
376 445
377 445
378 446
379 446
380 447
381 448
382 448
383 449
384 449
385 450
386 450
387 451
388 451
389 452
390 452
391 453
392 453
393 453
394 454
395 454
396 454
397 454
398 455
399 455
400 455
401 455
402 455
403 455
404 455
405 455
406 455
407 455
408 455
409 455
410 455
411 454
412 454
413 454
414 454
415 453
416 453
417 453
418 452
419 452
420 451
421 450
421 451
422 450
423 449
424 449
425 448
426 447
427 446
427 447
428 446
429 445
430 444
431 443
432 442
433 441
434 440
435 439
436 438
437 436
437 437
438 435
438 436
439 434
440 433
441 431
441 432
442 430
442 431
443 428
443 429
444 427
444 428
445 425
445 426
446 424
446 425
447 422
447 423
448 420
448 421
449 419
449 420
450 417
450 418
451 415
451 416
452 413
452 414
453 411
453 412
454 409
454 410
455 407
455 408
456 405
456 406
457 403
457 404
458 401
458 402
459 398
459 399
459 400
460 396
460 397
460 398
461 394
461 395
462 391
462 392
462 393
463 388
463 389
463 390
464 386
464 387
464 388
465 383
465 384
465 385
466 380
466 381
466 382
467 378
467 379
467 380
468 375
468 376
468 377
469 372
469 373
469 374
470 369
470 370
470 371
471 365
471 366
471 367
471 368
472 362
472 363
472 364
472 365
473 359
473 360
473 361
474 355
474 356
474 357
474 358
475 352
475 353
475 354
476 348
476 349
476 350
476 351
477 344
477 345
477 346
477 347
478 341
478 342
478 343
478 344
479 337
479 338
479 339
479 340
480 332
480 333
480 334
480 335
480 336
481 328
481 329
481 330
481 331
481 332
482 324
482 325
482 326
482 327
483 319
483 320
483 321
483 322
483 323
484 314
484 315
484 316
484 317
484 318
485 309
485 310
485 311
485 312
485 313
